23 22
23 22 32 24 11
23 22 32 24 12
23 22 32 24 12 53 14 13 25 35 54
23 22 32 24 13
23 22 32 24 13 31 21 53 35 25 54 45 56
23 22 32 24 13 31 35
23 22 32 24 13 31 41
23 22 32 24 13 42
23 22 32 24 14
23 22 32 24 15 25 14
23 22 32 24 15 42
23 22 32 24 35
23 22 32 24 35 42
23 22 32 24 35 53 13
23 22 32 24 35 53 13 15 14 25 12
23 22 32 24 35 53 13 15 14 25 54
23 22 32 24 35 53 13 25 14 12 15 42 21 03 04 05 31
23 22 32 24 35 53 13 42 12
23 22 32 24 35 53 54
23 22 32 24 35 53 54 31
23 22 32 24 35 53 54 31 14
23 22 32 24 35 53 54 31 63 36
23 22 32 24 35 53 54 45 25 36
23 22 32 24 35 53 54 45 55
23 22 32 24 55
23 22 32 24 55 41 25
23 22 32 24 55 42 25 54 53 64
23 22 32 24 55 54
23 22 32 42 11
23 22 32 42 21
23 22 32 42 21 35 41 31 52 53 45
23 22 32 42 31
23 22 32 42 31 13 12 35 53 52 45 54 65
23 22 32 42 31 13 14
23 22 32 42 31 13 53
23 22 32 42 31 24
23 22 32 42 41
23 22 32 42 51 24
23 22 32 42 51 52 41
23 22 32 42 53
23 22 32 42 53 24
23 22 32 42 53 35 31
23 22 32 42 53 35 31 24 21
23 22 32 42 53 35 31 51 41 52 21
23 22 32 42 53 35 31 51 41 52 45
23 22 32 42 53 35 31 52 41 21 51 24 12 30 40 50 13
23 22 32 42 53 35 45
23 22 32 42 53 35 45 13
23 22 32 42 53 35 45 13 36 63
23 22 32 42 53 35 45 13 41
23 22 32 42 53 35 45 54 52 63
23 22 32 42 53 35 45 54 55
23 22 32 42 55
23 22 32 42 55 14 52
23 22 32 42 55 24 52 45 35 46
23 22 32 42 55 45
23 22 45 24
23 22 54 24